-2170
559
4239
7972
10900
12572
13003
12413
10992
8774
5764
2090
-1900
-5821
-9337
-12248
-14426
-15749
-16058
-15254
-13358
-10541
-7036
-3078
1089
5248
9125
12409
14843
16267
16621
15901
14151
11457
7977
3942
-326
-4544
-8437
-11759
-14293
-15877
-16377
-15754
-14057
-11436
-8061
-4157
9
4174
8053
11341
13812
15311
15766
15158
13551
11045
7796
4006
-47
-4100
-7888
-11138
-13640
-15251
-15854
-15402
-13899
-11430
-8139
-4260
-94
4073
7979
11352
13977
15670
16297
15796
14216
11680
8361
4467
251
-4016
-8051
-11532
-14221
-15975
-16691
-16338
-14911
-12478
-9192
-5317
-1154
3014
6972
10476
13296
15190
15998
15687
14367
12189
9280
5761
1843
-2145
-5819
-8830
-11046
-12467
-13054
-12626
-10950
-8022
-4288
-610
