3923
2897
552
-1466
-1966
-1050
145
547
2
-781
-1002
-529
104
298
-46
-481
-544
-181
209
265
1
-265
-250
18
248
224
15
-165
-124
73
209
152
-30
-144
-92
47
123
45
-89
-157
-96
1
37
-29
-135
-176
-115
-35
4
-47
-141
-180
-140
-51
29
47
15
-28
-59
-66
-65
-55
-54
-53
-58
-55
-53
-55
-54
-52
-53
-46
-53
-64
-56
-59
-58
-56
-57
-54
-48
-56
-54
-55
-49
-55
-54
-56
-48
-54
-57
-56
-58
-59
-56
-64
-53
-46
-53
-52
-54
-55
-53
-55
-58
-53
-54
-55
-61
-55
-54
-53
-58
-55
-53
-55
-54
-52
-53
-46
-53
-64
-56
-59
-58
-56
-57
-54
-48
-56
-54
-55
-49
-55
-54
-56
-48
-54
-57
-56
-58
-59
-56
-64
-53
-46
-53
-52
-54
-55
-53
-55
-58
-53
-54
-55
-61
-55
-54
-53
-58
-55
-53
-55
-54
-52
-53
-46
-53
-64
-56
-59
-58
-56
-57
-54
-48
-56
-54
-55
-49
-55
-54
-56
-48
-54
-57
-56
-58
-59
-56
-64
-53
-46
-53
-52
-54
-55
-53
-55
-58
-53
-54
-55
-61
-55
-54
-53
-58
-55
-53
-55
-54
-52
-53
-46
-53
-64
-56
-59
-58
-56
-57
-54
-48
-56
-54
-55
-49
-55
-54
-56
-48
-54
-57
-56
-58
-59
-56
-64
-53
-46
-53
-52
-54
-55
-53
-55
-58
-53
-54
-55
-61
-55
-54
-53
-58
-55
-53
-55
-54
-52
-53
-46
-53
-64
-56
-59
-58
-56
-57
-54
-48
-56
-54
-55
-49
-55
-54
-56
-48
-54
-57
-56
-58
-59
-56
-64
-53
-46
-53
-52
-54
-55
-53
-55
-58
-53
-54
-55
-61
-55
-54
-53
-58
-55
-53
-55
-54
-52
-53
-46
-53
-64
-56
-59
-58
-56
-57
-54
-48
-56
-54
-55
-49
-55
-54
-56
-48
-54
-57
-56
-58
-59
-56
-64
-53
-46
-53
-52
-54
-55
-53
-55
-58
-53
-54
-55
-61
-55
-54
-53
-58
-55
-53
-55
-54
-52
-53
-46
-53
-64
-56
-59
-58
-56
-57
-54
-48
-56
-54
-55
-49
-55
-54
-56
-48
-54
-57
-56
-58
-59
-56
-64
-53
-46
-53
-52
-54
-55
-53
-55
-58
-53
-54
-55
-61
-55
-54
-53
-58
-55
-53
-55
-54
-52
-53
-46
-53
-64
-56
-59
-58
-56
-57
-54
-48
-56
-54
-55
-49
-55
-54
-56
-48
-54
-57
-56
-58
-59
-56
-64
-53
-46
-53
-52
-54
-55
-53
-55
-58
-53
-54
-55
-61
-55
-54
-53
-58
-55
-53
-55
-54
-52
-53
-46
-53
-64
-56
-59
-58
-56
-57
-54
-48
-56
-54
-55
-49
-55
-54
-56
-48
-54
-57
-56
-58
-59
-56
-64
-53
-46
-53
-52
-54
-55
-53
-55
-58
-53
-54
-55
-61
-55
-54
-53
-58
-55
-53
-55
-54
-52
-53
-46
-53
-64
-56
-59
-58
-56
-57
-54
-48
-56
-54
-55
-49
-55
-54
-56
-48
-54
-57
-56
-58
-59
-56
-64
-53
-46
-53
-52
-54
-55
-53
-55
-58
-53
-54
-55
-61
-55
-54
-53
-58
-55
-53
-55
-54
-52
-53
-46
-53
-64
-56
-59
-58
-56
-57
-54
-48
-56
-54
-55
-49
-55
-54
-56
-48
-54
-57
-56
-58
-59
-56
-64
-53
-46
-53
-52
-54
-55
-53
-55
-58
-53
-54
-55
-61
-55
-54
-53
-58
-55
-53
-55
-54
-52
-53
-46
-53
-64
-56
-59
-58
-56
-57
-54
-48
-56
-54
-55
-49
-55
-54
-56
-48
-54
-57
-56
-58
-59
-56
-64
-53
-46
-53
-52
-54
-55
-53
-55
-58
-53
-54
-55
-61
-55
-54
-53
-58
-55
-53
-55
-54
-52
-53
-46
-53
-64
-56
-59
-58
-56
-57
-54
-48
-56
-54
-55
-49
-55
-54
-56
-48
-54
-57
-56
-58
-59
-56
-64
-53
-46
-53
-52
-54
-55
-53
-55
-58
-53
-54
-55
-61
-55
-54
-53
-58
-55
-53
-55
-54
-52
-53
-46
-53
-64
-56
-59
-58
-56
-57
-54
-48
-56
-54
-55
-49
-55
-54
-56
-48
-54
-57
-56
-58
-59
-56
-64
-53
-46
-53
-52
-54
-55
-53
-55
-58
-53
-54
-55
-61
-55
-54
-53
-58
-55
-53
-55
-54
-52
-53
-46
-53
-64
-56
-59
-58
-56
-57
-54
-48
-56
-54
-55
-49
-55
-54
-56
-48
-54
-57
-56
-58
-59
-56
-64
-53
-46
-53
-52
-54
-55
-53
-55
-58
-53
-54
-55
-61
-55
-54
-53
-58
-55
-53
-55
-54
-52
-53
-46
-53
-64
-56
-59
-58
-56
-57
-54
-48
-56
-54
-55
-49
-55
-54
-56
-48
-54
-57
-56
-58
-59
-56
-64
-53
-46
-53
-52
-54
-55
-53
-55
-58
-53
-54
-55
-61
-55
-54
-53
-58
-55
-53
-55
-54
-52
-53
-46
-53
-64
-56
-59
-58
-56
-57
-54
-48
-56
-54
-55
-49
-55
-54
-56
-48
-54
-57
-56
-58
-59
-56
-64
-53
-46
-53
-52
-54
-55
-53
-55
-58
-53
-54
-55
-61
-55
-54
-53
-58
-55
-53
-55
-54
-52
-53
-46
-53
-64
-56
-59
-58
-56
-57
-54
-48
-56
-54
-55
-49
-55
-54
-56
-48
-54
-57
-56
-58
-59
-56
-64
-53
-46
-53
-52
-54
-55
-53
-55
-58
-53
-54
-55
-61
-55
-54
-53
-58
-55
-53
-55
-54
-52
-53
-46
-53
-64
-56
-59
-58
-56
-57
-54
-48
-56
-54
-55
-49
-55
-54
-56
-48
-54
-57
-56
-58
-59
-56
-64
-53
-46
-53
-52
-54
-55
-53
-55
-58
-53
-54
-55
-61
-55
-54
-53
-58
-55
-53
-55
-54
-52
-53
-46
-53
-64
-56
-59
-58
-56
-57
-54
-48
-56
-54
-55
-49
-55
-54
-56
-48
-54
-57
-56
-58
-59
-56
-64
-53
-46
-53
-52
-54
-55
-53
-55
-58
-53
-54
-55
-61
-55
-54
-53
-58
-55
-53
-55
-54
-52
-53
-46
-53
-64
-56
-59
-58
-56
-57
-54
-48
-56
-54
-55
-49
-55
-54
-56
-48
-54
-57
-56
-58
-59
-56
-64
-53
-46
-53
-52
-54
-55
-53
-55
-58
-53
-54
-55
-61
-55
-54
-53
-58
-55
-53
-55
-54
-52
-53
-46
-53
-64
-56
-59
-58
-56
-57
-54
-48
-56
-54
-55
-49
-55
-54
-56
-48
-54
-57
-56
-58
-59
-56
-64
-53
-46
-53
-52
-54
-55
-53
-55
-58
-53
-54
-55
-61
-55
-54
-53
-58
-55
-53
-55
-54
-52
-53
-46
-53
-64
-56
-59
-58
-56
-57
-54
-48
-56
-54
-55
-49
-55
-54
-56
-48
-54
-57
-56
-58
-59
-56
-64
-53
-46
-53
-52
-54
-55
-53
-55
-58
-53
-54
-55
-61
-55
-54
-53
-58
-55
-53
-55
-54
-52
-53
-46
-53
-64
-56
-59
-58
-56
-57
-54
-48
-56
-54
-55
-49
-55
-54
-56
-48
-54
-57
-56
-58
-59
-56
-64
-53
-46
-53
-52
-54
-55
-53
-55
-58
-53
-54
-55
-61
-55
-54
-53
-58
-55
-53
-55
-54
-52
-53
-46
-53
-64
-56
-59
-58
-56
-57
-54
-48
-56
-54
-55
-49
-55
-54
-56
-48
-54
-57
-56
-58
-59
-56
-64
-53
-42
-41
-40
-66
-109
-139
-130
-67
26
73
43
-44
-95
-76
4
67
41
-52
-125
-97
3
65
23
-110
-200
-142
-10
60
-27
-203
-279
-158
26
93
-58
-270
-320
-119
149
202
-31
-308
-300
48
414
415
15
-348
-234
343
854
730
11
-590
-340
744
1737
1497
-229
-2455
