     0
    -4
   -13
   -22
    -8
    49
   152
   251
   259
   104
  -191
  -482
  -574
  -360
    65
   434
   486
   164
  -315
  -616
  -529
  -124
   313
   508
   394
   109
  -145
  -253
  -216
   -64
   184
   468
   647
   540
   123
  -366
  -551
  -223
   405
   831
   680
    40
  -574
  -709
  -384
   -35
   -82
  -458
  -706
  -512
   -86
   -13
  -567
 -1294
 -1401
  -636
   210
   -55
 -1627
 -2949
 -1633
  3312
  9775
 13248
  9913
    -2
-11412
-17274
-13374
 -1594
 10921
 16354
 11321
  -954
-12827
-17170
-11637
   229
 11445
 15751
 10974
   -10
-10994
-15771
-11465
  -249
 11617
 17150
 12807
   934
-11341
-16374
-10941
  1574
 13354
 17254
 11392
   -18
 -9933
-13268
 -9795
 -3332
  1613
  2929
  1607
    35
  -230
   616
  1381
  1274
   547
    -7
    66
   492
   686
   438
    62
    15
   364
   689
   554
   -60
  -700
  -851
  -424
   204
   533
   348
  -140
  -557
  -663
  -484
  -199
    49
   202
   239
   132
  -122
  -406
  -520
  -324
   113
   519
   606
   306
  -173
  -494
  -442
   -72
   353
   568
   476
   186
  -109
  -263
  -255
  -155
   -52
     6
    20
    12
     3
