     0
    -5
   -13
    -8
    21
    68
    96
    75
    -4
   -95
  -138
   -98
   -11
    46
    16
   -73
  -132
   -93
    11
    76
    36
   -67
  -122
   -57
    78
   149
    78
   -62
  -113
    -7
   179
   237
    99
   -97
  -137
    40
   256
   269
    30
  -233
  -250
    17
   282
   223
  -167
  -526
  -470
   -35
   309
   120
  -519
  -992
  -774
    14
   555
   148
 -1047
 -1964
 -1466
   553
  2889
  3923
  2897
   552
 -1466
 -1966
 -1050
   145
   547
     2
  -781
 -1002
  -529
   104
   298
   -46
  -481
  -544
  -181
   209
   265
     1
  -265
  -250
    18
   248
   224
    15
  -165
  -124
    73
   209
   152
   -30
  -144
   -92
    47
   123
    45
   -89
  -157
   -96
     1
    37
   -29
  -135
  -176
  -115
   -35
     4
   -47
  -141
  -180
  -140
   -51
    29
    47
    15
   -28
   -59
   -66
   -65
   -55
   -54
   -53
   -58
   -55
   -53
   -55
   -54
   -52
   -53
   -46
   -53
   -64
   -56
   -59
   -58
   -56
   -57
   -54
   -48
   -56
   -54
   -55
   -49
   -55
   -54
   -56
   -48
   -54
   -57
   -56
   -58
   -59
   -56
   -64
   -53
   -46
   -53
   -52
   -54
   -55
   -53
   -55
   -58
   -53
   -54
   -55
   -61
   -55
   -54
   -53
   -58
   -55
   -53
   -55
   -54
   -52
   -53
   -46
   -53
   -64
   -56
   -59
   -58
   -56
   -57
   -54
   -48
   -56
   -54
   -55
   -49
   -55
   -54
   -56
   -48
   -54
   -57
   -56
   -58
   -59
   -56
   -64
   -53
   -46
   -53
   -52
   -54
   -55
   -53
   -55
   -58
   -53
   -54
   -55
   -61
   -55
   -54
   -53
   -58
   -55
   -53
   -55
   -54
   -52
   -53
   -46
   -53
   -64
   -56
   -59
   -58
   -56
   -57
   -54
   -48
   -56
   -54
   -55
   -49
   -55
   -54
   -56
   -48
   -54
   -57
   -56
   -58
   -59
   -56
   -64
   -53
   -46
   -53
   -52
   -54
   -55
   -53
   -55
   -58
   -53
   -54
   -55
   -61
   -55
   -54
   -53
   -58
   -55
   -53
   -55
   -54
   -52
   -53
   -46
   -53
   -64
   -56
   -59
   -58
   -56
   -57
   -54
   -48
   -56
   -54
   -55
   -49
   -55
   -54
   -56
   -48
   -54
   -57
   -56
   -58
   -59
   -56
   -64
   -53
   -46
   -53
   -52
   -54
   -55
   -53
   -55
   -58
   -53
   -54
   -55
   -61
   -55
   -54
   -53
   -58
   -55
   -53
   -55
   -54
   -52
   -53
   -46
   -53
   -64
   -56
   -59
   -58
   -56
   -57
   -54
   -48
   -56
   -54
   -55
   -49
   -55
   -54
   -56
   -48
   -54
   -57
   -56
   -58
   -59
   -56
   -64
   -53
   -46
   -53
   -52
   -54
   -55
   -53
   -55
   -58
   -53
   -54
   -55
   -61
   -55
   -54
   -53
   -58
   -55
   -53
   -55
   -54
   -52
   -53
   -46
   -53
   -64
   -56
   -59
   -58
   -56
   -57
   -54
   -48
   -56
   -54
   -55
   -49
   -55
   -54
   -56
   -48
   -54
   -57
   -56
   -58
   -59
   -56
   -64
   -53
   -46
   -53
   -52
   -54
   -55
   -53
   -55
   -58
   -53
   -54
   -55
   -61
   -55
   -54
   -53
   -58
   -55
   -53
   -55
   -54
   -52
   -53
   -46
   -53
   -64
   -56
   -59
   -58
   -56
   -57
   -54
   -48
   -56
   -54
   -55
   -49
   -55
   -54
   -56
   -48
   -54
   -57
   -56
   -58
   -59
   -56
   -64
   -53
   -46
   -53
   -52
   -54
   -55
   -53
   -55
   -58
   -53
   -54
   -55
   -61
   -55
   -54
   -53
   -58
   -55
   -53
   -55
   -54
   -52
   -53
   -46
   -53
   -64
   -56
   -59
   -58
   -56
   -57
   -54
   -48
   -56
   -54
   -55
   -49
   -55
   -54
   -56
   -48
   -54
   -57
   -56
   -58
   -59
   -56
   -64
   -53
   -46
   -53
   -52
   -54
   -55
   -53
   -55
   -58
   -53
   -54
   -55
   -61
   -55
   -54
   -53
   -58
   -55
   -53
   -55
   -54
   -52
   -53
   -46
   -53
   -64
   -56
   -59
   -58
   -56
   -57
   -54
   -48
   -56
   -54
   -55
   -49
   -55
   -54
   -56
   -48
   -54
   -57
   -56
   -58
   -59
   -56
   -64
   -53
   -46
   -53
   -52
   -54
   -55
   -53
   -55
   -58
   -53
   -54
   -55
   -61
   -55
   -54
   -53
   -58
   -55
   -53
   -55
   -54
   -52
   -53
   -46
   -53
   -64
   -56
   -59
   -58
   -56
   -57
   -54
   -48
   -56
   -54
   -55
   -49
   -55
   -54
   -56
   -48
   -54
   -57
   -56
   -58
   -59
   -56
   -64
   -53
   -46
   -53
   -52
   -54
   -55
   -53
   -55
   -58
   -53
   -54
   -55
   -61
   -55
   -54
   -53
   -58
   -55
   -53
   -55
   -54
   -52
   -53
   -46
   -53
   -64
   -56
   -59
   -58
   -56
   -57
   -54
   -48
   -56
   -54
   -55
   -49
   -55
   -54
   -56
   -48
   -54
   -57
   -56
   -58
   -59
   -56
   -64
   -53
   -46
   -53
   -52
   -54
   -55
   -53
   -55
   -58
   -53
   -54
   -55
   -61
   -55
   -54
   -53
   -58
   -55
   -53
   -55
   -54
   -52
   -53
   -46
   -53
   -64
   -56
   -59
   -58
   -56
   -57
   -54
   -48
   -56
   -54
   -55
   -49
   -55
   -54
   -56
   -48
   -54
   -57
   -56
   -58
   -59
   -56
   -64
   -53
   -46
   -53
   -52
   -54
   -55
   -53
   -55
   -58
   -53
   -54
   -55
   -61
   -55
   -54
   -53
   -58
   -55
   -53
   -55
   -54
   -52
   -53
   -46
   -53
   -64
   -56
   -59
   -58
   -56
   -57
   -54
   -48
   -56
   -54
   -55
   -49
   -55
   -54
   -56
   -48
   -54
   -57
   -56
   -58
   -59
   -56
   -64
   -53
   -46
   -53
   -52
   -54
   -55
   -53
   -55
   -58
   -53
   -54
   -55
   -61
   -55
   -54
   -53
   -58
   -55
   -53
   -55
   -54
   -52
   -53
   -46
   -53
   -64
   -56
   -59
   -58
   -56
   -57
   -54
   -48
   -56
   -54
   -55
   -49
   -55
   -54
   -56
   -48
   -54
   -57
   -56
   -58
   -59
   -56
   -64
   -53
   -46
   -53
   -52
   -54
   -55
   -53
   -55
   -58
   -53
   -54
   -55
   -61
   -55
   -54
   -53
   -58
   -55
   -53
   -55
   -54
   -52
   -53
   -46
   -53
   -64
   -56
   -59
   -58
   -56
   -57
   -54
   -48
   -56
   -54
   -55
   -49
   -55
   -54
   -56
   -48
   -54
   -57
   -56
   -58
   -59
   -56
   -64
   -53
   -46
   -53
   -52
   -54
   -55
   -53
   -55
   -58
   -53
   -54
   -55
   -61
   -55
   -54
   -53
   -58
   -55
   -53
   -55
   -54
   -52
   -53
   -46
   -53
   -64
   -56
   -59
   -58
   -56
   -57
   -54
   -48
   -56
   -54
   -55
   -49
   -55
   -54
   -56
   -48
   -54
   -57
   -56
   -58
   -59
   -56
   -64
   -53
   -46
   -53
   -52
   -54
   -55
   -53
   -55
   -58
   -53
   -54
   -55
   -61
   -55
   -54
   -53
   -58
   -55
   -53
   -55
   -54
   -52
   -53
   -46
   -53
   -64
   -56
   -59
   -58
   -56
   -57
   -54
   -48
   -56
   -54
   -55
   -49
   -55
   -54
   -56
   -48
   -54
   -57
   -56
   -58
   -59
   -56
   -64
   -53
   -46
   -53
   -52
   -54
   -55
   -53
   -55
   -58
   -53
   -54
   -55
   -61
   -55
   -54
   -53
   -58
   -55
   -53
   -55
   -54
   -52
   -53
   -46
   -53
   -64
   -56
   -59
   -58
   -56
   -57
   -54
   -48
   -56
   -54
   -55
   -49
   -55
   -54
   -56
   -48
   -54
   -57
   -56
   -58
   -59
   -56
   -64
   -53
   -46
   -53
   -52
   -54
   -55
   -53
   -55
   -58
   -53
   -54
   -55
   -61
   -55
   -54
   -53
   -58
   -55
   -53
   -55
   -54
   -52
   -53
   -46
   -53
   -64
   -56
   -59
   -58
   -56
   -57
   -54
   -48
   -56
   -54
   -55
   -49
   -55
   -54
   -56
   -48
   -54
   -57
   -56
   -58
   -59
   -56
   -64
   -53
   -46
   -53
   -52
   -54
   -55
   -53
   -55
   -58
   -53
   -54
   -55
   -61
   -55
   -54
   -53
   -58
   -55
   -53
   -55
   -54
   -52
   -53
   -46
   -53
   -64
   -56
   -59
   -58
   -56
   -57
   -54
   -48
   -56
   -54
   -55
   -49
   -55
   -54
   -56
   -48
   -54
   -57
   -56
   -58
   -59
   -56
   -64
   -53
   -46
   -53
   -52
   -54
   -55
   -53
   -55
   -58
   -53
   -54
   -55
   -61
   -55
   -54
   -53
   -58
   -55
   -53
   -55
   -54
   -52
   -53
   -46
   -53
   -64
   -56
   -59
   -58
   -56
   -57
   -54
   -48
   -56
   -54
   -55
   -49
   -55
   -54
   -56
   -48
   -54
   -57
   -56
   -58
   -59
   -56
   -64
   -53
   -46
   -53
   -52
   -54
   -55
   -53
   -55
   -58
   -53
   -54
   -55
   -61
   -55
   -54
   -53
   -58
   -55
   -53
   -55
   -54
   -52
   -53
   -46
   -53
   -64
   -56
   -59
   -58
   -56
   -57
   -54
   -48
   -56
   -54
   -55
   -49
   -55
   -54
   -56
   -48
   -54
   -57
   -56
   -58
   -59
   -56
   -64
   -53
   -46
   -53
   -52
   -54
   -55
   -53
   -55
   -58
   -53
   -54
   -55
   -61
   -55
   -54
   -53
   -58
   -55
   -53
   -55
   -54
   -52
   -53
   -46
   -53
   -64
   -56
   -59
   -58
   -56
   -57
   -54
   -48
   -56
   -54
   -55
   -49
   -55
   -54
   -56
   -48
   -54
   -57
   -56
   -58
   -59
   -56
   -64
   -53
   -46
   -53
   -52
   -54
   -55
   -53
   -55
   -58
   -53
   -54
   -55
   -61
   -55
   -54
   -53
   -58
   -55
   -53
   -55
   -54
   -52
   -53
   -46
   -53
   -64
   -56
   -59
   -58
   -56
   -57
   -54
   -48
   -56
   -54
   -55
   -49
   -55
   -54
   -56
   -48
   -54
   -57
   -56
   -58
   -59
   -56
   -64
   -53
   -46
   -53
   -52
   -54
   -55
   -53
   -55
   -58
   -53
   -54
   -55
   -61
   -55
   -54
   -53
   -58
   -55
   -53
   -55
   -54
   -52
   -53
   -46
   -53
   -64
   -56
   -59
   -58
   -56
   -57
   -54
   -48
   -56
   -54
   -55
   -49
   -55
   -54
   -56
   -48
   -54
   -57
   -56
   -58
   -59
   -56
   -64
   -53
   -42
   -41
   -40
   -66
  -109
  -139
  -130
   -67
    26
    73
    43
   -44
   -95
   -76
     4
    67
    41
   -52
  -125
   -97
     3
    65
    23
  -110
  -200
  -142
   -10
    60
   -27
  -203
  -279
  -158
    26
    93
   -58
  -270
  -320
  -119
   149
   202
   -31
  -308
  -300
    48
   414
   415
    15
  -348
  -234
   343
   854
   730
    11
  -590
  -340
   744
  1737
  1497
  -229
 -2455
 -3625
 -2892
  -799
  1170
  1792
  1030
  -124
  -604
  -155
   606
   898
   499
  -121
  -357
   -69
   363
   471
   161
  -224
  -313
   -86
   189
   206
   -28
  -270
  -284
   -88
    95
    84
   -96
  -242
  -205
   -38
    83
    46
   -83
  -160
  -105
    22
    96
    55
   -44
   -91
   -41
    64
   109
    62
   -20
   -57
   -12
    72
   119
    89
     6
   -69
   -93
   -69
   -25
     5
    11
     5
