     0
    -1
    -2
    -3
    -3
    -3
    -1
     2
     6
    10
    13
    15
    12
    11
     9
     8
     4
     0
    -6
   -12
   -18
   -22
   -26
   -34
   -43
   -46
   -51
   -51
   -55
   -59
   -59
   -59
   -54
   -48
   -41
   -35
   -27
   -16
     2
    19
    32
    47
    57
    72
    91
   111
   115
   119
   119
   125
   118
   105
    88
    54
    15
   -15
   -57
  -117
  -202
  -304
  -386
  -417
  -386
  -305
  -208
  -119
   -58
   -21
    11
    50
    81
   105
   110
   110
   108
   103
   103
    92
    79
    60
    39
    31
    12
     4
   -17
   -34
   -43
   -55
   -66
   -72
   -75
   -83
   -88
   -87
   -88
   -80
   -82
   -76
   -73
   -67
   -60
   -58
   -54
   -52
   -44
   -39
   -37
   -32
   -36
   -36
   -32
   -28
   -33
   -38
   -37
   -40
   -46
   -53
   -53
   -54
   -57
   -51
   -55
   -53
   -58
   -51
   -56
   -51
   -51
   -52
   -49
   -52
   -54
   -47
   -51
   -50
   -50
   -49
   -52
   -50
   -47
   -56
   -50
   -56
   -54
   -52
   -56
   -57
   -56
   -57
   -59
   -57
   -55
   -53
   -58
   -53
   -54
   -59
   -59
   -56
   -51
   -58
   -55
   -54
   -51
   -53
   -57
   -52
   -52
   -53
   -49
   -46
   -46
   -55
   -45
   -50
   -53
   -55
   -54
   -54
   -54
   -55
   -54
   -54
   -54
   -55
   -53
   -50
   -45
   -55
   -46
   -46
   -49
   -53
   -52
   -52
   -57
   -53
   -51
   -54
   -55
   -58
   -51
   -56
   -59
   -59
   -54
   -53
   -58
   -53
   -55
   -57
   -59
   -57
   -56
   -57
   -56
   -52
   -54
   -56
   -50
   -56
   -47
   -50
   -52
   -49
   -50
   -50
   -51
   -47
   -54
   -52
   -49
   -52
   -51
   -51
   -56
   -51
   -58
   -53
   -55
   -51
   -57
   -54
   -54
   -55
   -51
   -49
   -51
   -57
   -56
   -54
   -56
   -60
   -59
   -55
   -57
   -56
   -56
   -59
   -56
   -57
   -56
   -56
   -54
   -55
   -57
   -56
   -61
   -57
   -59
   -55
   -53
   -57
   -59
   -55
   -52
   -55
   -57
   -54
   -60
   -57
   -60
   -55
   -56
   -64
   -58
   -62
   -58
   -63
   -58
   -51
   -59
   -57
   -57
   -61
   -57
   -58
   -64
   -60
   -60
   -61
   -62
   -62
   -58
   -62
   -64
   -61
   -64
   -65
   -63
   -70
   -64
   -58
   -62
   -59
   -64
   -58
   -66
   -66
   -62
   -65
   -62
   -67
   -65
   -67
   -69
   -66
   -62
   -64
   -68
   -66
   -63
   -64
   -60
   -66
   -65
   -66
   -68
   -66
   -66
   -65
   -66
   -63
   -66
   -65
   -65
   -67
   -62
   -61
   -66
   -67
   -65
   -64
   -70
   -72
   -70
   -67
   -68
   -67
   -64
   -70
   -66
   -68
   -64
   -71
   -66
   -71
   -70
   -70
   -73
   -69
   -68
   -75
   -71
   -72
   -71
   -72
   -70
   -72
   -75
   -66
   -72
   -66
   -68
   -69
   -66
   -65
   -65
   -65
   -63
   -65
   -67
   -68
   -63
   -68
   -68
   -63
   -63
   -66
   -71
   -64
   -67
   -68
   -71
   -69
   -65
   -70
   -70
   -69
   -73
   -76
   -76
   -67
   -77
   -72
   -69
   -67
   -68
   -68
   -68
   -67
   -68
   -68
   -68
   -67
   -69
   -72
   -77
   -67
   -76
   -76
   -73
   -69
   -70
   -70
   -65
   -69
   -71
   -68
   -67
   -64
   -71
   -66
   -63
   -63
   -68
   -68
   -63
   -68
   -67
   -65
   -63
   -65
   -65
   -65
   -66
   -69
   -68
   -66
   -72
   -66
   -75
   -72
   -70
   -72
   -71
   -72
   -71
   -75
   -68
   -69
   -73
   -70
   -70
   -71
   -66
   -71
   -64
   -68
   -66
   -70
   -64
   -67
   -68
   -67
   -70
   -72
   -70
   -64
   -65
   -67
   -66
   -61
   -62
   -67
   -65
   -65
   -66
   -63
   -66
   -65
   -66
   -66
   -68
   -66
   -65
   -66
   -60
   -64
   -63
   -66
   -68
   -64
   -62
   -66
   -69
   -67
   -65
   -67
   -62
   -65
   -62
   -66
   -66
   -58
   -64
   -59
   -62
   -58
   -64
   -70
   -63
   -65
   -64
   -61
   -64
   -62
   -58
   -62
   -62
   -61
   -60
   -60
   -64
   -58
   -57
   -61
   -57
   -57
   -59
   -51
   -58
   -63
   -58
   -62
   -58
   -64
   -56
   -55
   -60
   -57
   -60
   -54
   -57
   -55
   -52
   -55
   -59
   -57
   -53
   -55
   -59
   -57
   -61
   -56
   -57
   -55
   -54
   -56
   -56
   -57
   -56
   -59
   -56
   -56
   -57
   -55
   -59
   -60
   -56
   -54
   -56
   -57
   -51
   -49
   -51
   -55
   -54
   -54
   -57
   -51
   -55
   -53
   -58
   -51
   -56
   -51
   -51
   -52
   -49
   -52
   -54
   -47
   -51
   -50
   -50
   -49
   -52
   -50
   -47
   -56
   -50
   -56
   -54
   -52
   -56
   -57
   -56
   -57
   -59
   -57
   -55
   -53
   -58
   -53
   -54
   -59
   -59
   -56
   -51
   -58
   -55
   -54
   -51
   -53
   -57
   -52
   -52
   -53
   -49
   -46
   -46
   -55
   -45
   -50
   -53
   -55
   -54
   -54
   -54
   -55
   -54
   -54
   -54
   -55
   -53
   -50
   -45
   -55
   -46
   -46
   -49
   -53
   -52
   -52
   -57
   -53
   -51
   -54
   -55
   -58
   -51
   -56
   -59
   -59
   -54
   -53
   -58
   -53
   -55
   -57
   -59
   -57
   -56
   -57
   -56
   -52
   -54
   -56
   -50
   -56
   -47
   -50
   -52
   -49
   -50
   -50
   -51
   -47
   -54
   -52
   -49
   -52
   -51
   -51
   -56
   -51
   -58
   -53
   -55
   -51
   -57
   -54
   -54
   -55
   -51
   -49
   -51
   -57
   -56
   -54
   -56
   -60
   -59
   -55
   -57
   -56
   -56
   -59
   -56
   -57
   -56
   -56
   -54
   -55
   -57
   -56
   -61
   -57
   -59
   -55
   -53
   -57
   -59
   -55
   -52
   -55
   -57
   -54
   -60
   -57
   -60
   -55
   -56
   -64
   -58
   -62
   -58
   -63
   -58
   -51
   -59
   -57
   -57
   -61
   -57
   -58
   -64
   -60
   -60
   -61
   -62
   -62
   -58
   -62
   -64
   -61
   -64
   -65
   -63
   -70
   -64
   -58
   -62
   -59
   -64
   -58
   -66
   -66
   -62
   -65
   -62
   -67
   -65
   -67
   -69
   -66
   -62
   -64
   -68
   -66
   -63
   -64
   -60
   -66
   -65
   -66
   -68
   -66
   -66
   -65
   -66
   -63
   -66
   -65
   -65
   -67
   -62
   -61
   -66
   -67
   -65
   -64
   -70
   -72
   -70
   -67
   -68
   -67
   -64
   -70
   -66
   -68
   -64
   -71
   -66
   -71
   -70
   -70
   -73
   -69
   -68
   -75
   -71
   -72
   -71
   -72
   -70
   -72
   -75
   -66
   -72
   -66
   -68
   -69
   -66
   -65
   -65
   -65
   -63
   -65
   -67
   -68
   -63
   -68
   -68
   -63
   -63
   -66
   -71
   -64
   -67
   -68
   -71
   -69
   -65
   -70
   -70
   -69
   -73
   -76
   -76
   -67
   -77
   -72
   -69
   -67
   -68
   -68
   -68
   -67
   -68
   -68
   -68
   -67
   -69
   -72
   -77
   -67
   -76
   -76
   -73
   -69
   -70
   -70
   -65
   -69
   -71
   -68
   -67
   -64
   -71
   -66
   -63
   -63
   -68
   -68
   -63
   -68
   -67
   -65
   -63
   -65
   -65
   -65
   -66
   -69
   -68
   -66
   -72
   -66
   -75
   -72
   -70
   -72
   -71
   -72
   -71
   -75
   -68
   -69
   -73
   -70
   -70
   -71
   -66
   -71
   -64
   -68
   -66
   -70
   -64
   -67
   -68
   -67
   -70
   -72
   -70
   -64
   -65
   -67
   -66
   -61
   -62
   -67
   -65
   -65
   -66
   -63
   -66
   -65
   -66
   -66
   -68
   -66
   -65
   -66
   -60
   -64
   -63
   -66
   -68
   -64
   -62
   -66
   -69
   -67
   -65
   -67
   -62
   -65
   -62
   -66
   -66
   -58
   -64
   -59
   -62
   -58
   -64
   -70
   -63
   -65
   -64
   -61
   -64
   -62
   -58
   -62
   -62
   -61
   -60
   -60
   -64
   -58
   -57
   -61
   -57
   -57
   -59
   -51
   -58
   -63
   -58
   -62
   -58
   -64
   -56
   -55
   -60
   -57
   -60
   -54
   -57
   -55
   -52
   -55
   -59
   -57
   -53
   -55
   -59
   -57
   -61
   -56
   -57
   -55
   -54
   -56
   -56
   -57
   -56
   -59
   -56
   -56
   -57
   -55
   -59
   -60
   -56
   -54
   -56
   -57
   -51
   -49
   -51
   -55
   -54
   -54
   -57
   -51
   -55
   -53
   -58
   -51
   -56
   -51
   -51
   -52
   -49
   -52
   -54
   -47
   -51
   -50
   -50
   -49
   -52
   -50
   -47
   -56
   -50
   -56
   -54
   -52
   -56
   -57
   -56
   -57
   -59
   -57
   -55
   -53
   -58
   -53
   -54
   -59
   -59
   -56
   -51
   -58
   -55
   -54
   -51
   -53
   -57
   -52
   -52
   -53
   -49
   -46
   -46
   -55
   -45
   -50
   -53
   -55
   -54
   -54
   -54
   -55
   -54
   -54
   -54
   -55
   -53
   -50
   -45
   -55
   -46
   -46
   -49
   -53
   -52
   -52
   -57
   -53
   -51
   -54
   -55
   -58
   -51
   -56
   -59
   -59
   -54
   -53
   -58
   -53
   -55
   -57
   -59
   -57
   -56
   -57
   -56
   -52
   -54
   -56
   -50
   -56
   -47
   -50
   -52
   -49
   -50
   -50
   -51
   -47
   -54
   -52
   -49
   -52
   -51
   -51
   -56
   -51
   -58
   -53
   -55
   -51
   -57
   -54
   -54
   -55
   -51
   -49
   -51
   -57
   -56
   -54
   -56
   -60
   -59
   -55
   -57
   -56
   -56
   -59
   -56
   -57
   -56
   -56
   -54
   -55
   -57
   -56
   -61
   -57
   -59
   -55
   -53
   -57
   -59
   -55
   -52
   -55
   -57
   -54
   -60
   -57
   -60
   -55
   -56
   -64
   -58
   -62
   -58
   -63
   -58
   -51
   -59
   -57
   -57
   -61
   -57
   -58
   -64
   -60
   -60
   -61
   -62
   -62
   -58
   -62
   -64
   -61
   -64
   -65
   -63
   -70
   -64
   -58
   -62
   -59
   -64
   -58
   -66
   -66
   -62
   -65
   -62
   -67
   -65
   -67
   -69
   -66
   -62
   -64
   -68
   -66
   -63
   -64
   -60
   -66
   -65
   -66
   -68
   -66
   -66
   -65
   -66
   -63
   -66
   -65
   -65
   -67
   -62
   -61
   -66
   -67
   -65
   -64
   -70
   -72
   -70
   -67
   -68
   -67
   -64
   -70
   -66
   -68
   -64
   -71
   -66
   -71
   -70
   -70
   -73
   -69
   -68
   -75
   -71
   -72
   -71
   -72
   -70
   -72
   -75
   -66
   -72
   -66
   -68
   -69
   -66
   -65
   -65
   -65
   -63
   -65
   -67
   -68
   -63
   -68
   -68
   -63
   -63
   -66
   -71
   -64
   -67
   -68
   -71
   -69
   -65
   -70
   -70
   -69
   -73
   -76
   -76
   -67
   -77
   -72
   -69
   -67
   -68
   -68
   -68
   -67
   -68
   -68
   -68
   -67
   -69
   -72
   -77
   -67
   -76
   -76
   -73
   -69
   -70
   -70
   -65
   -69
   -71
   -68
   -67
   -64
   -71
   -66
   -63
   -63
   -68
   -68
   -63
   -68
   -67
   -65
   -63
   -65
   -65
   -65
   -66
   -69
   -68
   -66
   -72
   -66
   -75
   -72
   -70
   -72
   -71
   -72
   -71
   -75
   -68
   -69
   -73
   -70
   -70
   -71
   -66
   -71
   -64
   -68
   -66
   -70
   -64
   -67
   -68
   -67
   -70
   -72
   -70
   -64
   -65
   -67
   -66
   -61
   -62
   -67
   -65
   -65
   -66
   -63
   -66
   -65
   -66
   -66
   -68
   -66
   -65
   -66
   -60
   -64
   -63
   -66
   -68
   -64
   -62
   -66
   -69
   -67
   -65
   -67
   -62
   -65
   -62
   -66
   -66
   -58
   -64
   -59
   -62
   -58
   -64
   -70
   -63
   -65
   -64
   -61
   -64
   -62
   -58
   -62
   -62
   -61
   -60
   -60
   -64
   -58
   -57
   -61
   -57
   -57
   -59
   -51
   -58
   -63
   -58
   -62
   -58
   -64
   -56
   -55
   -60
   -57
   -60
   -54
   -57
   -55
   -52
   -55
   -59
   -57
   -53
   -55
   -59
   -57
   -61
   -56
   -57
   -55
   -54
   -56
   -56
   -57
   -56
   -59
   -56
   -56
   -57
   -55
   -59
   -60
   -56
   -54
   -56
   -57
   -51
   -49
   -51
   -55
   -54
   -54
   -57
   -51
   -55
   -53
   -58
   -51
   -56
   -51
   -51
   -52
   -49
   -52
   -54
   -47
   -51
   -50
   -50
   -49
   -52
   -50
   -47
   -56
   -50
   -56
   -54
   -52
   -56
   -57
   -56
   -57
   -59
   -57
   -55
   -53
   -58
   -53
   -54
   -59
   -59
   -56
   -51
   -58
   -55
   -54
   -51
   -53
   -57
   -52
   -52
   -53
   -49
   -46
   -46
   -55
   -45
   -50
   -53
   -55
   -54
   -54
   -54
   -55
   -54
   -54
   -54
   -55
   -53
   -50
   -45
   -55
   -46
   -46
   -49
   -53
   -52
   -52
   -57
   -53
   -51
   -54
   -55
   -58
   -51
   -56
   -59
   -59
   -54
   -53
   -58
   -53
   -55
   -57
   -59
   -57
   -56
   -57
   -56
   -52
   -54
   -56
   -50
   -56
   -47
   -50
   -52
   -49
   -50
   -50
   -51
   -47
   -54
   -52
   -49
   -52
   -51
   -51
   -56
   -51
   -58
   -53
   -55
   -51
   -57
   -54
   -54
   -55
   -51
   -49
   -51
   -57
   -56
   -54
   -56
   -60
   -59
   -55
   -57
   -56
   -56
   -59
   -56
   -57
   -56
   -56
   -54
   -55
   -57
   -56
   -61
   -57
   -59
   -55
   -53
   -57
   -59
   -55
   -52
   -55
   -57
   -54
   -60
   -57
   -60
   -55
   -56
   -64
   -58
   -62
   -58
   -63
   -58
   -51
   -59
   -57
   -57
   -61
   -57
   -58
   -64
   -60
   -60
   -61
   -62
   -62
   -58
   -62
   -64
   -61
   -64
   -65
   -63
   -70
   -64
   -58
   -62
   -59
   -64
   -58
   -66
   -66
   -62
   -65
   -62
   -67
   -65
   -67
   -69
   -66
   -62
   -64
   -68
   -66
   -63
   -64
   -60
   -66
   -65
   -66
   -68
   -66
   -66
   -65
   -66
   -63
   -66
   -65
   -65
   -67
   -62
   -61
   -66
   -67
   -65
   -64
   -70
   -72
   -70
   -67
   -68
   -67
   -64
   -70
   -66
   -68
   -64
   -71
   -66
   -71
   -70
   -70
   -73
   -69
   -68
   -75
   -71
   -72
   -71
   -72
   -70
   -72
   -75
   -66
   -72
   -66
   -68
   -69
   -66
   -65
   -65
   -65
   -63
   -65
   -67
   -68
   -63
   -68
   -68
   -63
   -63
   -66
   -71
   -64
   -67
   -68
   -71
   -69
   -65
   -70
   -70
   -69
   -73
   -76
   -76
   -67
   -77
   -72
   -69
   -67
   -68
   -68
   -68
   -67
   -68
   -68
   -68
   -67
   -69
   -72
   -77
   -67
   -76
   -76
   -73
   -69
   -70
   -70
   -65
   -69
   -71
   -68
   -67
   -64
   -71
   -66
   -63
   -63
   -68
   -68
   -63
   -68
   -67
   -65
   -63
   -65
   -65
   -65
   -66
   -69
   -68
   -66
   -72
   -66
   -75
   -72
   -70
   -72
   -71
   -72
   -71
   -75
   -68
   -69
   -73
   -70
   -70
   -71
   -66
   -71
   -64
   -68
   -66
   -70
   -64
   -67
   -68
   -67
   -70
   -72
   -70
   -64
   -65
   -67
   -66
   -61
   -62
   -67
   -65
   -65
   -66
   -63
   -66
   -65
   -66
   -66
   -68
   -66
   -65
   -66
   -60
   -64
   -63
   -66
   -68
   -64
   -62
   -66
   -69
   -67
   -65
   -67
   -62
   -65
   -62
   -66
   -66
   -58
   -64
   -59
   -62
   -58
   -64
   -70
   -63
   -65
   -64
   -61
   -64
   -62
   -58
   -62
   -62
   -61
   -60
   -60
   -64
   -58
   -57
   -61
   -57
   -57
   -59
   -51
   -58
   -63
   -58
   -62
   -58
   -64
   -56
   -55
   -60
   -57
   -60
   -54
   -57
   -55
   -52
   -55
   -59
   -57
   -53
   -55
   -59
   -57
   -61
   -56
   -57
   -55
   -54
   -56
   -56
   -57
   -56
   -59
   -56
   -56
   -57
   -55
   -59
   -60
   -56
   -54
   -56
   -57
   -51
   -49
   -51
   -55
   -54
   -54
   -57
   -51
   -55
   -53
   -58
   -51
   -56
   -51
   -51
   -52
   -49
   -52
   -54
   -47
   -51
   -50
   -50
   -49
   -52
   -50
   -47
   -56
   -50
   -56
   -54
   -52
   -56
   -57
   -56
   -57
   -59
   -57
   -55
   -53
   -58
   -53
   -54
   -59
   -59
   -56
   -51
   -58
   -55
   -54
   -51
   -53
   -57
   -52
   -52
   -53
   -49
   -46
   -46
   -55
   -45
   -50
   -53
   -55
   -54
   -54
   -54
   -55
   -54
   -54
   -54
   -55
   -53
   -50
   -45
   -55
   -46
   -46
   -49
   -53
   -52
   -52
   -57
   -53
   -51
   -54
   -55
   -58
   -51
   -56
   -59
   -59
   -54
   -53
   -58
   -53
   -55
   -57
   -59
   -57
   -56
   -57
   -56
   -52
   -54
   -56
   -50
   -56
   -47
   -50
   -52
   -49
   -50
   -50
   -51
   -47
   -54
   -52
   -49
   -52
   -51
   -51
   -56
   -51
   -58
   -53
   -55
   -51
   -57
   -54
   -54
   -55
   -51
   -49
   -51
   -57
   -56
   -54
   -56
   -60
   -59
   -55
   -57
   -56
   -56
   -59
   -56
   -57
   -56
   -56
   -54
   -55
   -57
   -56
   -61
   -57
   -59
   -55
   -53
   -57
   -59
   -55
   -52
   -55
   -57
   -54
   -60
   -57
   -60
   -55
   -56
   -64
   -58
   -62
   -58
   -63
   -58
   -51
   -59
   -57
   -57
   -61
   -57
   -58
   -64
   -60
   -60
   -61
   -62
   -62
   -58
   -62
   -64
   -61
   -64
   -65
   -63
   -70
   -64
   -58
   -62
   -59
   -64
   -58
   -66
   -66
   -62
   -65
   -62
   -67
   -65
   -67
   -69
   -66
   -62
   -64
   -68
   -66
   -63
   -64
   -60
   -66
   -65
   -66
   -68
   -66
   -66
   -65
   -66
   -63
   -66
   -65
   -65
   -67
   -62
   -61
   -66
   -67
   -65
   -64
   -70
   -72
   -70
   -67
   -68
   -67
   -64
   -70
   -66
   -68
   -64
   -71
   -66
   -71
   -70
   -70
   -73
   -69
   -68
   -75
   -71
   -72
   -71
   -72
   -70
   -72
   -75
   -66
   -72
   -66
   -68
   -69
   -66
   -65
   -65
   -65
   -63
   -65
   -67
   -68
   -63
   -68
   -68
   -63
   -63
   -66
   -71
   -64
   -67
   -68
   -71
   -69
   -65
   -70
   -70
   -69
   -73
   -76
   -76
   -67
   -77
   -72
   -69
   -67
   -68
   -68
   -68
   -67
   -68
   -68
   -68
   -67
   -69
   -72
   -77
   -67
   -76
   -76
   -73
   -69
   -70
   -70
   -65
   -69
   -71
   -68
   -67
   -64
   -71
   -66
   -63
   -63
   -68
   -68
   -63
   -68
   -67
   -65
   -63
   -65
   -65
   -65
   -66
   -69
   -68
   -66
   -72
   -66
   -75
   -72
   -70
   -72
   -71
   -72
   -71
   -75
   -68
   -69
   -73
   -70
   -70
   -71
   -66
   -71
   -64
   -68
   -66
   -69
   -62
   -64
   -65
   -64
   -69
   -74
   -76
   -74
   -78
   -82
   -78
   -72
   -71
   -75
   -69
   -65
   -60
   -51
   -48
   -43
   -40
   -32
   -25
   -20
   -14
   -15
    -5
    -5
    -4
    -7
   -14
   -16
   -21
   -31
   -42
   -51
   -67
   -86
   -94
  -112
  -119
  -138
  -157
  -169
  -179
  -178
  -181
  -183
  -182
  -175
  -151
  -119
   -79
   -46
    -7
    55
   144
   242
   324
   356
   326
   245
   144
    61
     1
   -40
   -68
  -107
  -140
  -156
  -168
  -173
  -166
  -165
  -161
  -156
  -135
  -115
   -99
   -88
   -72
   -58
   -40
   -21
    -9
     0
     7
    15
    22
    28
    29
    30
    27
    24
    25
    21
    19
    11
     4
     1
    -2
    -7
   -12
   -17
   -20
   -23
   -23
   -24
   -24
   -26
   -23
   -19
   -14
    -9
    -5
    -2
    -1
     0
     0
     0
