6553
6570
6621
6706
6829
6992
7199
7456
7771
8153
8614
9173
9853
10687
11720
13019
14688
16888
19895
24212
30876
42396
66843
152243
-652810
-107689
-60084
-42452
-33353
-27870
-24259
-21752
-19955
-18649
-17703
-17035
-16593
-16345
-16273
-16366
-16626
-17063
-17695
-18553
-19683
-21157
-23080
-25615
-29031
-33783
-40727
-51655
-71072
-114424
-292368
544745
143296
83612
59758
47043
39232
34020
30360
27707
25752
24310
23262
22534
22076
21860
21870
22103
22570
23290
24301
25660
27453
29811
32936
37160
43045
51647
65170
89130
142233
354600
-730020
-181905
-105019
-74599
-58452
-48550
-41948
-37307
-33937
-31446
-29595
-28238
-27276
-26648
