6553600
6536894
6486904
6404011
6288850
6142299
5965475
5759726
5526613
5267906
4985561
4681707
4358630
4018749
3664599
3298809
2924079
2543160
2158828
1773863
1391024
1013031
642537
282109
-65792
-398832
-714822
-1011734
-1287719
-1541120
-1770484
-1974571
-2152367
-2303085
-2426173
-2521317
-2588437
-2627691
-2639465
-2624374
-2583249
-2517128
-2427248
-2315029
-2182060
-2030083
-1860978
-1676742
-1479470
-1271339
-1054583
-831475
-604305
-375360
-146904
78844
299727
513673
718706
912970
1094739
1262436
1414641
1550104
1667755
1766712
1846285
1905980
1945505
1964763
1963859
1943089
1902939
1844077
1767345
1673746
1564437
1440712
1303991
1155803
997770
831592
659028
481877
301965
121122
-58834
-236112
-408972
-575732
-734793
-884646
-1023893
-1151252
-1265576
-1365856
-1451235
-1521012
-1574646
-1611765
