0
4240
8192
11585
14189
15826
16384
15826
14189
11585
8192
4240
0
-4240
-8192
-11585
-14189
-15826
-16384
-15826
-14189
-11585
-8192
-4240
0
4240
8192
11585
14189
15826
16384
15826
14189
11585
8192
4240
0
-4240
-8192
-11585
-14189
-15826
-16384
-15826
-14189
-11585
-8192
-4240
0
4240
8192
11585
14189
15826
16384
15826
14189
11585
8192
4240
0
-4240
-8192
-11585
-14189
-15826
-16384
-15826
-14189
-11585
-8192
-4240
0
4240
8192
11585
14189
15826
16384
15826
14189
11585
8192
4240
0
-4240
-8192
-11585
-14189
-15826
-16384
-15826
-14189
-11585
-8192
-4240
0
4240
8192
11585
14189
15826
16384
15826
14189
11585
8192
4240
0
-4240
-8192
-11585
-14189
-15826
-16384
-15826
-14189
-11585
-8192
-4240
