0
214
429
643
857
1072
1285
1499
1713
1926
2139
2351
2563
2775
2986
3196
3406
3616
3825
4033
4240
4447
4653
4859
5063
5266
5469
5671
5872
6071
6270
6467
6664
6859
7053
7246
7438
7629
7818
8006
8192
8377
8561
8743
8923
9102
9280
9456
9630
9803
9974
10143
10311
10477
10641
10803
10963
11121
11278
11433
11585
11736
11885
12031
12176
12318
12458
12597
12733
12867
12998
13128
13255
13380
13502
13623
13741
13856
13970
14081
14189
14295
14399
14500
14598
14694
14788
14879
14968
15053
15137
15218
15296
15371
15444
15515
15582
15647
15709
15769
15826
15880
15931
15980
16026
16069
16110
16147
16182
16214
16244
16270
16294
16315
16333
16349
16362
16371
16378
16383
16384
16383
16378
16371
16362
16349
16333
16315
16294
16270
16244
16214
16182
16147
16110
16069
16026
15980
15931
15880
15826
15769
15709
15647
15582
15515
15444
15371
15296
15218
15137
15053
14968
14879
14788
14694
14598
14500
14399
14295
14189
14081
13970
13856
13741
13623
13502
13380
13255
13128
12998
12867
12733
12597
12458
12318
12176
12031
11885
11736
11585
11433
11278
11121
10963
10803
10641
10477
10311
10143
9974
9803
9630
9456
9280
9102
8923
8743
8561
8377
8192
8006
7818
7629
7438
7246
7053
6859
6664
6467
6270
6071
5872
5671
5469
5266
5063
4859
4653
4447
4240
4033
3825
3616
3406
3196
2986
2775
2563
2351
2139
1926
1713
1499
1285
1072
857
643
429
214
0
-214
-429
-643
-857
-1072
-1285
-1499
-1713
-1926
-2139
-2351
-2563
-2775
-2986
-3196
-3406
-3616
-3825
-4033
-4240
-4447
-4653
-4859
-5063
-5266
-5469
-5671
-5872
-6071
-6270
-6467
-6664
-6859
-7053
-7246
-7438
-7629
-7818
-8006
-8192
-8377
-8561
-8743
-8923
-9102
-9280
-9456
-9630
-9803
-9974
-10143
-10311
-10477
-10641
-10803
-10963
-11121
-11278
-11433
-11585
-11736
-11885
-12031
-12176
-12318
-12458
-12597
-12733
-12867
-12998
-13128
-13255
-13380
-13502
-13623
-13741
-13856
-13970
-14081
-14189
-14295
-14399
-14500
-14598
-14694
-14788
-14879
-14968
-15053
-15137
-15218
-15296
-15371
-15444
-15515
-15582
-15647
-15709
-15769
-15826
-15880
-15931
-15980
-16026
-16069
-16110
-16147
-16182
-16214
-16244
-16270
-16294
-16315
-16333
-16349
-16362
-16371
-16378
-16383
-16384
-16383
-16378
-16371
-16362
-16349
-16333
-16315
-16294
-16270
-16244
-16214
-16182
-16147
-16110
-16069
-16026
-15980
-15931
-15880
-15826
-15769
-15709
-15647
-15582
-15515
-15444
-15371
-15296
-15218
-15137
-15053
-14968
-14879
-14788
-14694
-14598
-14500
-14399
-14295
-14189
-14081
-13970
-13856
-13741
-13623
-13502
-13380
-13255
-13128
-12998
-12867
-12733
-12597
-12458
-12318
-12176
-12031
-11885
-11736
-11585
-11433
-11278
-11121
-10963
-10803
-10641
-10477
-10311
-10143
-9974
-9803
-9630
-9456
-9280
-9102
-8923
-8743
-8561
-8377
-8192
-8006
-7818
-7629
-7438
-7246
-7053
-6859
-6664
-6467
-6270
-6071
-5872
-5671
-5469
-5266
-5063
-4859
-4653
-4447
-4240
-4033
-3825
-3616
-3406
-3196
-2986
-2775
-2563
-2351
-2139
-1926
-1713
-1499
-1285
-1072
-857
-643
-429
-214
0
214
429
643
857
1072
1285
1499
1713
1926
2139
2351
2563
2775
2986
3196
3406
3616
3825
4033
4240
4447
4653
4859
5063
5266
5469
5671
5872
6071
6270
6467
6664
6859
7053
7246
7438
7629
7818
8006
8192
8377
8561
8743
8923
9102
9280
9456
9630
9803
9974
10143
10311
10477
10641
10803
10963
11121
11278
11433
11585
11736
11885
12031
12176
12318
12458
12597
12733
12867
12998
13128
13255
13380
13502
13623
13741
13856
13970
14081
14189
14295
14399
14500
14598
14694
14788
14879
14968
15053
15137
15218
15296
15371
15444
15515
15582
15647
15709
15769
15826
15880
15931
15980
16026
16069
16110
16147
16182
16214
16244
16270
16294
16315
16333
16349
16362
16371
16378
16383
16384
16383
16378
16371
16362
16349
16333
16315
16294
16270
16244
16214
16182
16147
16110
16069
16026
15980
15931
15880
15826
15769
15709
15647
15582
15515
15444
15371
15296
15218
15137
15053
14968
14879
14788
14694
14598
14500
14399
14295
14189
14081
13970
13856
13741
13623
13502
13380
13255
13128
12998
12867
12733
12597
12458
12318
12176
12031
11885
11736
11585
11433
11278
11121
10963
10803
10641
10477
10311
10143
9974
9803
9630
9456
9280
9102
8923
8743
8561
8377
8192
8006
7818
7629
7438
7246
7053
6859
6664
6467
6270
6071
5872
5671
5469
5266
5063
4859
4653
4447
4240
4033
3825
3616
3406
3196
2986
2775
2563
2351
2139
1926
1713
1499
1285
1072
857
643
429
214
0
-214
-429
-643
-857
-1072
-1285
-1499
-1713
-1926
-2139
-2351
-2563
-2775
-2986
-3196
-3406
-3616
-3825
-4033
-4240
-4447
-4653
-4859
-5063
-5266
-5469
-5671
-5872
-6071
-6270
-6467
-6664
-6859
-7053
-7246
-7438
-7629
-7818
-8006
-8192
-8377
-8561
-8743
-8923
-9102
-9280
-9456
-9630
-9803
-9974
-10143
-10311
-10477
-10641
-10803
-10963
-11121
-11278
-11433
-11585
-11736
-11885
-12031
-12176
-12318
-12458
-12597
-12733
-12867
-12998
-13128
-13255
-13380
-13502
-13623
-13741
-13856
-13970
-14081
-14189
-14295
-14399
-14500
-14598
-14694
-14788
-14879
-14968
-15053
-15137
-15218
-15296
-15371
-15444
-15515
-15582
-15647
-15709
-15769
-15826
-15880
-15931
-15980
-16026
-16069
-16110
-16147
-16182
-16214
-16244
-16270
-16294
-16315
-16333
-16349
-16362
-16371
-16378
-16383
-16384
-16383
-16378
-16371
-16362
-16349
-16333
-16315
-16294
-16270
-16244
-16214
-16182
-16147
-16110
-16069
-16026
-15980
-15931
-15880
-15826
-15769
-15709
-15647
-15582
-15515
-15444
-15371
-15296
-15218
-15137
-15053
-14968
-14879
-14788
-14694
-14598
-14500
-14399
-14295
-14189
-14081
-13970
-13856
-13741
-13623
-13502
-13380
-13255
-13128
-12998
-12867
-12733
-12597
-12458
-12318
-12176
-12031
-11885
-11736
-11585
-11433
-11278
-11121
-10963
-10803
-10641
-10477
-10311
-10143
-9974
-9803
-9630
-9456
-9280
-9102
-8923
-8743
-8561
-8377
-8192
-8006
-7818
-7629
-7438
-7246
-7053
-6859
-6664
-6467
-6270
-6071
-5872
-5671
-5469
-5266
-5063
-4859
-4653
-4447
-4240
-4033
-3825
-3616
-3406
-3196
-2986
-2775
-2563
-2351
-2139
-1926
-1713
-1499
-1285
-1072
-857
-643
-429
-214
0
214
429
643
857
1072
1285
1499
1713
1926
2139
2351
2563
2775
2986
3196
3406
3616
3825
4033
4240
4447
4653
4859
5063
5266
5469
5671
5872
6071
6270
6467
6664
6859
7053
7246
7438
7629
7818
8006
8192
8377
8561
8743
8923
9102
9280
9456
9630
9803
9974
10143
10311
10477
10641
10803
10963
11121
11278
11433
11585
11736
11885
12031
12176
12318
12458
12597
12733
12867
12998
13128
13255
13380
13502
13623
13741
13856
13970
14081
14189
14295
14399
14500
14598
14694
14788
14879
14968
15053
15137
15218
15296
15371
15444
15515
15582
15647
15709
15769
15826
15880
15931
15980
16026
16069
16110
16147
16182
16214
16244
16270
16294
16315
16333
16349
16362
16371
16378
16383
16384
16383
16378
16371
16362
16349
16333
16315
16294
16270
16244
16214
16182
16147
16110
16069
16026
15980
15931
15880
15826
15769
15709
15647
15582
15515
15444
15371
15296
15218
15137
15053
14968
14879
14788
14694
14598
14500
14399
14295
14189
14081
13970
13856
13741
13623
13502
13380
13255
13128
12998
12867
12733
12597
12458
12318
12176
12031
11885
11736
11585
11433
11278
11121
10963
10803
10641
10477
10311
10143
9974
9803
9630
9456
9280
9102
8923
8743
8561
8377
8192
8006
7818
7629
7438
7246
7053
6859
6664
6467
6270
6071
5872
5671
5469
5266
5063
4859
4653
4447
4240
4033
3825
3616
3406
3196
2986
2775
2563
2351
2139
1926
1713
1499
1285
1072
857
643
429
214
0
-214
-429
-643
-857
-1072
-1285
-1499
-1713
-1926
-2139
-2351
-2563
-2775
-2986
-3196
-3406
-3616
-3825
-4033
-4240
-4447
-4653
-4859
-5063
-5266
-5469
-5671
-5872
-6071
-6270
-6467
-6664
-6859
-7053
-7246
-7438
-7629
-7818
-8006
-8192
-8377
-8561
-8743
-8923
-9102
-9280
-9456
-9630
-9803
-9974
-10143
-10311
-10477
-10641
-10803
-10963
-11121
-11278
-11433
-11585
-11736
-11885
-12031
-12176
-12318
-12458
-12597
-12733
-12867
-12998
-13128
-13255
-13380
-13502
-13623
-13741
-13856
-13970
-14081
-14189
-14295
-14399
-14500
-14598
-14694
-14788
-14879
-14968
-15053
-15137
-15218
-15296
-15371
-15444
-15515
-15582
-15647
-15709
-15769
-15826
-15880
-15931
-15980
-16026
-16069
-16110
-16147
-16182
-16214
-16244
-16270
-16294
-16315
-16333
-16349
-16362
-16371
-16378
-16383
-16384
-16383
-16378
-16371
-16362
-16349
-16333
-16315
-16294
-16270
-16244
-16214
-16182
-16147
-16110
-16069
-16026
-15980
-15931
-15880
-15826
-15769
-15709
-15647
-15582
-15515
-15444
-15371
-15296
-15218
-15137
-15053
-14968
-14879
-14788
-14694
-14598
-14500
-14399
-14295
-14189
-14081
-13970
-13856
-13741
-13623
-13502
-13380
-13255
-13128
-12998
-12867
-12733
-12597
-12458
-12318
-12176
-12031
-11885
-11736
-11585
-11433
-11278
-11121
-10963
-10803
-10641
-10477
-10311
-10143
-9974
-9803
-9630
-9456
-9280
-9102
-8923
-8743
-8561
-8377
-8192
-8006
-7818
-7629
-7438
-7246
-7053
-6859
-6664
-6467
-6270
-6071
-5872
-5671
-5469
-5266
-5063
-4859
-4653
-4447
-4240
-4033
-3825
-3616
-3406
-3196
-2986
-2775
-2563
-2351
-2139
-1926
-1713
-1499
-1285
-1072
-857
-643
-429
-214
0
214
429
643
857
1072
1285
1499
1713
1926
2139
2351
2563
2775
2986
3196
3406
3616
3825
4033
4240
4447
4653
4859
5063
5266
5469
5671
5872
6071
6270
6467
6664
6859
7053
7246
7438
7629
7818
8006
8192
8377
8561
8743
8923
9102
9280
9456
9630
9803
9974
10143
10311
10477
10641
10803
10963
11121
11278
11433
11585
11736
11885
12031
12176
12318
12458
12597
12733
12867
12998
13128
13255
13380
13502
13623
13741
13856
13970
14081
14189
14295
14399
14500
14598
14694
14788
14879
14968
15053
15137
15218
15296
15371
15444
15515
15582
15647
15709
15769
15826
15880
15931
15980
16026
16069
16110
16147
16182
16214
16244
16270
16294
16315
16333
16349
16362
16371
16378
16383
16384
16383
16378
16371
16362
16349
16333
16315
16294
16270
16244
16214
16182
16147
16110
16069
16026
15980
15931
15880
15826
15769
15709
15647
15582
15515
15444
15371
15296
15218
15137
15053
14968
14879
14788
14694
14598
14500
14399
14295
14189
14081
13970
13856
13741
13623
13502
13380
13255
13128
12998
12867
12733
12597
12458
12318
12176
12031
11885
11736
11585
11433
11278
11121
10963
10803
10641
10477
10311
10143
9974
9803
9630
9456
9280
9102
8923
8743
8561
8377
8192
8006
7818
7629
7438
7246
7053
6859
6664
6467
6270
6071
5872
5671
5469
5266
5063
4859
4653
4447
4240
4033
3825
3616
3406
3196
2986
2775
2563
2351
2139
1926
1713
1499
1285
1072
857
643
429
214
0
-214
-429
-643
-857
-1072
-1285
-1499
-1713
-1926
-2139
-2351
-2563
-2775
-2986
-3196
-3406
-3616
-3825
-4033
-4240
-4447
-4653
-4859
-5063
-5266
-5469
-5671
-5872
-6071
-6270
-6467
-6664
-6859
-7053
-7246
-7438
-7629
-7818
-8006
-8192
-8377
-8561
-8743
-8923
-9102
-9280
-9456
-9630
-9803
-9974
-10143
-10311
-10477
-10641
-10803
-10963
-11121
-11278
-11433
-11585
-11736
-11885
-12031
-12176
-12318
-12458
-12597
-12733
-12867
-12998
-13128
-13255
-13380
-13502
-13623
-13741
-13856
-13970
-14081
-14189
-14295
-14399
-14500
-14598
-14694
-14788
-14879
-14968
-15053
-15137
-15218
-15296
-15371
-15444
-15515
-15582
-15647
-15709
-15769
-15826
-15880
-15931
-15980
-16026
-16069
-16110
-16147
-16182
-16214
-16244
-16270
-16294
-16315
-16333
-16349
-16362
-16371
-16378
-16383
-16384
-16383
-16378
-16371
-16362
-16349
-16333
-16315
-16294
-16270
-16244
-16214
-16182
-16147
-16110
-16069
-16026
-15980
-15931
-15880
-15826
-15769
-15709
-15647
-15582
-15515
-15444
-15371
-15296
-15218
-15137
-15053
-14968
-14879
-14788
-14694
-14598
-14500
-14399
-14295
-14189
-14081
-13970
-13856
-13741
-13623
-13502
-13380
-13255
-13128
-12998
-12867
-12733
-12597
-12458
-12318
-12176
-12031
-11885
-11736
-11585
-11433
-11278
-11121
-10963
-10803
-10641
-10477
-10311
-10143
-9974
-9803
-9630
-9456
-9280
-9102
-8923
-8743
-8561
-8377
-8192
-8006
-7818
-7629
-7438
-7246
-7053
-6859
-6664
-6467
-6270
-6071
-5872
-5671
-5469
-5266
-5063
-4859
-4653
-4447
-4240
-4033
-3825
-3616
-3406
-3196
-2986
-2775
-2563
-2351
-2139
-1926
-1713
-1499
-1285
-1072
-857
-643
-429
-214
0
214
429
643
857
1072
1285
1499
1713
1926
2139
2351
2563
2775
2986
3196
3406
3616
3825
4033
4240
4447
4653
4859
5063
5266
5469
5671
5872
6071
6270
6467
6664
6859
7053
7246
7438
7629
7818
8006
8192
8377
8561
8743
8923
9102
9280
9456
9630
9803
9974
10143
10311
10477
10641
10803
10963
11121
11278
11433
11585
11736
11885
12031
12176
12318
12458
12597
12733
12867
12998
13128
13255
13380
13502
13623
13741
13856
13970
14081
14189
14295
14399
14500
14598
14694
14788
14879
14968
15053
15137
15218
15296
15371
15444
15515
15582
15647
15709
15769
15826
15880
15931
15980
16026
16069
16110
16147
16182
16214
16244
16270
16294
16315
16333
16349
16362
16371
16378
16383
16384
16383
16378
16371
16362
16349
16333
16315
16294
16270
16244
16214
16182
16147
16110
16069
16026
15980
15931
15880
15826
15769
15709
15647
15582
15515
15444
15371
15296
15218
15137
15053
14968
14879
14788
14694
14598
14500
14399
14295
14189
14081
13970
13856
13741
13623
13502
13380
13255
13128
12998
12867
12733
12597
12458
12318
12176
12031
11885
11736
11585
11433
11278
11121
10963
10803
10641
10477
10311
10143
9974
9803
9630
9456
9280
9102
8923
8743
8561
8377
8192
8006
7818
7629
7438
7246
7053
6859
6664
6467
6270
6071
5872
5671
5469
5266
5063
4859
4653
4447
4240
4033
3825
3616
3406
3196
2986
2775
2563
2351
2139
1926
1713
1499
1285
1072
857
643
429
214
0
-214
-429
-643
-857
-1072
-1285
-1499
-1713
-1926
-2139
-2351
-2563
-2775
-2986
-3196
-3406
-3616
-3825
-4033
-4240
-4447
-4653
-4859
-5063
-5266
-5469
-5671
-5872
-6071
-6270
-6467
-6664
-6859
-7053
-7246
-7438
-7629
-7818
-8006
-8192
-8377
-8561
-8743
-8923
-9102
-9280
-9456
-9630
-9803
-9974
-10143
-10311
-10477
-10641
-10803
-10963
-11121
-11278
-11433
-11585
-11736
-11885
-12031
-12176
-12318
-12458
-12597
-12733
-12867
-12998
-13128
-13255
-13380
-13502
-13623
-13741
-13856
-13970
-14081
-14189
-14295
-14399
-14500
-14598
-14694
-14788
-14879
-14968
-15053
-15137
-15218
-15296
-15371
-15444
-15515
-15582
-15647
-15709
-15769
-15826
-15880
-15931
-15980
-16026
-16069
-16110
-16147
-16182
-16214
-16244
-16270
-16294
-16315
-16333
-16349
-16362
-16371
-16378
-16383
-16384
-16383
-16378
-16371
-16362
-16349
-16333
-16315
-16294
-16270
-16244
-16214
-16182
-16147
-16110
-16069
-16026
-15980
-15931
-15880
-15826
-15769
-15709
-15647
-15582
-15515
-15444
-15371
-15296
-15218
-15137
-15053
-14968
-14879
-14788
-14694
-14598
-14500
-14399
-14295
-14189
-14081
-13970
-13856
-13741
-13623
-13502
-13380
-13255
-13128
-12998
-12867
-12733
-12597
-12458
-12318
-12176
-12031
-11885
-11736
-11585
-11433
-11278
-11121
-10963
-10803
-10641
-10477
-10311
-10143
-9974
-9803
-9630
-9456
-9280
-9102
-8923
-8743
-8561
-8377
-8192
-8006
-7818
-7629
-7438
-7246
-7053
-6859
-6664
-6467
-6270
-6071
-5872
-5671
-5469
-5266
-5063
-4859
-4653
-4447
-4240
-4033
-3825
-3616
-3406
-3196
-2986
-2775
-2563
-2351
-2139
-1926
-1713
-1499
-1285
-1072
-857
-643
-429
-214
