     0
    -4
   -13
   -22
    -8
    49
   152
   251
   259
   104
  -191
  -482
  -574
  -360
    65
   434
   486
   164
  -315
  -616
  -529
  -124
   313
   508
   394
   109
  -145
  -253
  -216
   -64
   184
   468
   647
   540
   123
  -366
  -551
  -223
   405
   831
   683
    50
  -558
  -703
  -419
  -145
  -279
  -712
  -951
  -680
  -148
     6
  -520
 -1250
 -1342
  -516
   415
   209
 -1360
 -2713
 -1408
  3574
 10091
 13573
 10173
   159
-11315
-17180
-13273
 -1555
 10809
 16070
 10937
 -1349
-13227
-17667
-12328
  -639
 10535
 14928
 10235
  -794
-11921
-16762
-12296
  -749
 11402
 17015
 12642
   913
-10860
-15185
 -9221
  3421
 15159
 19407
 14610
  4594
 -4621
 -8905
 -8119
 -5085
 -2827
 -2460
 -3082
 -3260
 -2460
 -1266
  -543
  -523
  -719
  -565
    10
   580
   744
   576
   485
   769
  1278
  1539
  1261
   602
    46
   -21
   357
   802
   947
   706
   288
   -53
  -202
  -204
  -147
   -67
    12
    18
  -150
  -518
  -928
 -1118
  -927
  -456
   -30
    37
  -297
  -771
 -1016
  -838
  -354
   132
   378
   360
   238
   171
   198
   249
   273
   306
   420
   618
   793
   833
