   43
   -28
   351
   812
   988
   781
   375
     4
  -211
  -281
  -253
  -148
   -16
    21
  -165
  -579
 -1013
 -1177
  -930
  -425
   -19
     0
  -351
  -780
  -951
  -739
  -290
   135
   371
   422
   389
   343
   298
   260
   278
   403
   614
   795
   835
   746
   662
   707
   850
   914
   754
   423
   138
    58
    88
   -56
  -558
 -1266
 -1797
 -1924
 -1882
 -2230
 -3295
 -4689
 -5389
 -4440
 -1753
  1676
  4363
  5312
  4612
  3218
  2153
  1805
  1847
  1720
  1189
   481
   -21
  -165
  -135
  -215
  -500
  -831
  -991
  -927
  -784
  -739
  -823
  -910
  -868
  -691
  -497
  -400
  -395
  -384
  -284
  -112
    39
   101
    94
    97
   161
   260
   325
   316
   262
   225
   236
   267
   264
   205
   120
    59
    44
    47
    19
   -62
  -168
  -245
  -254
  -197
  -110
   -35
     6
    16
    10
     3
     0
