     0
     0
    -2
    -6
   -13
   -15
    -2
    40
   109
   191
   257
   277
   238
   154
    46
   -63
  -173
  -296
  -429
  -557
  -646
  -683
  -668
  -624
  -555
  -457
  -299
   -90
   150
   379
   579
   764
   946
  1127
  1269
  1325
  1291
  1211
  1106
   996
   834
   580
   252
   -77
  -347
  -574
  -819
 -1133
 -1474
 -1751
 -1891
 -1961
 -2082
 -2323
 -2596
 -2744
 -2691
 -2585
 -2692
 -3131
 -3613
 -3496
 -2170
   559
  4239
  7972
 10900
 12572
 13003
 12413
 10992
  8774
  5764
  2090
 -1900
 -5821
 -9337
-12248
-14426
-15749
-16058
-15254
-13358
-10541
 -7036
 -3078
  1089
  5248
  9125
 12409
 14843
 16267
 16621
 15901
 14151
 11457
  7977
  3942
  -326
 -4544
 -8437
-11759
-14293
-15877
-16377
-15754
-14057
-11436
 -8061
 -4157
     9
  4174
  8053
 11341
 13812
 15311
 15766
 15158
 13551
 11045
  7796
  4007
   -44
 -4095
 -7888
-11155
-13687
-15326
-15935
-15452
-13889
-11360
 -8043
 -4182
   -56
  4087
  8005
 11410
 14051
 15723
 16307
 15781
 14213
 11708
  8396
  4465
   193
 -4101
 -8113
-11555
-14243
-16052
-16833
-16494
-15015
-12521
 -9234
 -5426
 -1326
  2862
  6923
 10522
 13341
 15150
 15904
 15668
 14522
 12472
  9534
  5883
  1913
 -1921
 -5325
 -8194
-10547
-12243
-12897
-12126
 -9924
 -6867
 -3870
 -1686
  -465
   228
   980
  2008
  3066
  3696
  3674
  3200
  2713
  2506
  2541
  2556
  2346
  1939
  1506
  1217
  1038
   821
   468
    24
  -378
  -652
  -820
  -982
 -1186
 -1390
 -1491
 -1462
 -1337
 -1197
 -1074
  -944
  -745
  -478
  -193
    45
   216
   353
   478
   604
   686
   694
   629
   528
   425
   336
   234
   109
   -31
  -150
  -209
  -207
  -168
  -128
  -105
   -95
   -84
   -64
   -37
   -13
     1
