           0
        1116
        4389
        9597
       16384
       24287
       32769
       41248
       49148
       55935
       61146
       64420
       65536
       64420
       61146
       55935
       49148
       41248
       32769
       24287
       16384
        9597
        4389
        1116
           0
        1116
        4389
        9597
       16384
       24287
       32769
       41248
       49148
       55935
       61146
       64420
       65536
       64420
       61146
       55935
       49148
       41248
       32769
       24287
       16384
        9597
        4389
        1116
           0
        1116
        4389
        9597
       16384
       24287
       32769
       41248
       49148
       55935
       61146
       64420
       65536
       64420
       61146
       55935
       49148
       41248
       32769
       24287
       16384
        9597
        4389
        1116
           0
        1116
        4389
        9597
       16384
       24287
       32769
       41248
       49148
       55935
       61146
       64420
       65536
       64420
       61146
       55935
       49148
       41248
       32769
       24287
       16384
        9597
        4389
        1116
           0
        1116
        4389
        9597
       16384
       24287
       32769
       41248
       49148
       55935
       61146
       64420
       65536
       64420
       61146
       55935
       49148
       41248
       32769
       24287
       16384
        9597
        4389
        1116
           0
        1116
        4389
        9597
       16384
       24287
       32769
       41248
       49148
       55935
       61146
       64420
       65536
       64420
       61146
       55935
       49148
       41248
       32769
       24287
       16384
        9597
        4389
        1116
           0
        1116
        4389
        9597
       16384
       24287
       32769
       41248
       49148
       55935
       61146
       64420
       65536
       64420
       61146
       55935
       49148
       41248
       32769
       24287
       16384
        9597
        4389
        1116
           0
        1116
        4389
        9597
       16384
       24287
       32769
       41248
       49148
       55935
       61146
       64420
       65536
       64420
       61146
       55935
       49148
       41248
       32769
       24287
       16384
        9597
        4389
        1116
           0
        1116
        4389
        9597
       16384
       24287
       32769
       41248
       49148
       55935
       61146
       64420
       65536
       64420
       61146
       55935
       49148
       41248
       32769
       24287
       16384
        9597
        4389
        1116
           0
        1116
        4389
        9597
       16384
       24287
       32769
       41248
       49148
       55935
       61146
       64420
       65536
       64420
       61146
       55935
       49148
       41248
       32769
       24287
       16384
        9597
        4389
        1116
